AVG :1 =6.7282092606168895
AVG :2 =4.8089302147346995
5.7685697376757945